[gd_scene load_steps=12 format=3 uid="uid://c6rlrrlkumljy"]

[ext_resource type="PackedScene" uid="uid://c8l60rnugru40" path="res://addons/godot-xr-tools/objects/pickable.tscn" id="1_oxgo5"]
[ext_resource type="Script" path="res://scenes/sauna/bucket.gd" id="2_8pc1b"]
[ext_resource type="ArrayMesh" uid="uid://71duu38cl1dk" path="res://models/bucket.obj" id="3_2827u"]
[ext_resource type="Texture2D" uid="uid://ds1d5f4g7abj3" path="res://models/wood_albedo.png" id="4_5fofj"]
[ext_resource type="Texture2D" uid="uid://cff5v4ndb4j1m" path="res://models/wood_normal.png" id="5_p2ral"]
[ext_resource type="PackedScene" uid="uid://dt2de1st5llt0" path="res://scenes/common/trickle.tscn" id="6_akfbu"]

[sub_resource type="CylinderShape3D" id="CylinderShape3D_mbmxc"]
margin = 0.001
height = 0.0654325
radius = 0.243099

[sub_resource type="BoxShape3D" id="BoxShape3D_tbr4f"]
size = Vector3(0.0858154, 0.321899, 0.0329132)

[sub_resource type="BoxShape3D" id="BoxShape3D_mtf84"]
size = Vector3(0.0858154, 0.403137, 0.0329132)

[sub_resource type="StandardMaterial3D" id="StandardMaterial3D_avjuq"]
albedo_color = Color(0.94902, 0.94902, 0.94902, 1)
albedo_texture = ExtResource("4_5fofj")
roughness = 0.5
normal_enabled = true
normal_texture = ExtResource("5_p2ral")

[sub_resource type="CylinderMesh" id="CylinderMesh_kkbty"]
top_radius = 0.14
bottom_radius = 0.14
height = 0.001
radial_segments = 12
rings = 1

[node name="Bucket" instance=ExtResource("1_oxgo5")]
transform = Transform3D(0.94508, 0.326839, 0, -0.326839, 0.94508, 0, 0, 0, 1, 0, 0, 0)
script = ExtResource("2_8pc1b")

[node name="CollisionShape3D" parent="." index="0"]
transform = Transform3D(0.6, -1.86265e-09, -9.31323e-10, 0, 0.6, 4.47035e-08, -3.72529e-09, 5.96046e-08, 0.6, 3.49246e-10, -0.134792, -3.72529e-09)
shape = SubResource("CylinderShape3D_mbmxc")

[node name="CollisionShape3D2" type="CollisionShape3D" parent="." index="1"]
transform = Transform3D(0.968492, 0.0173366, -0.248441, 3.27826e-07, 0.997575, 0.069618, 0.249045, -0.0674235, 0.966144, 0.0292503, 0.00666983, -0.12748)
shape = SubResource("BoxShape3D_tbr4f")

[node name="CollisionShape3D3" type="CollisionShape3D" parent="." index="2"]
transform = Transform3D(0.714216, 0.0487257, -0.698228, 2.98023e-07, 0.997575, 0.069618, 0.699925, -0.0497221, 0.712485, 0.0890717, 0.00666984, -0.095776)
shape = SubResource("BoxShape3D_tbr4f")

[node name="CollisionShape3D4" type="CollisionShape3D" parent="." index="3"]
transform = Transform3D(0.268567, 0.0670588, -0.960926, 2.98023e-07, 0.997575, 0.069618, 0.963261, -0.0186977, 0.267916, 0.125026, 0.00666984, -0.0384086)
shape = SubResource("BoxShape3D_tbr4f")

[node name="CollisionShape3D5" type="CollisionShape3D" parent="." index="4"]
transform = Transform3D(-0.249045, 0.0674235, -0.966144, 2.98023e-07, 0.997575, 0.0696181, 0.968492, 0.0173368, -0.248441, 0.12748, 0.00666983, 0.0292504)
shape = SubResource("BoxShape3D_tbr4f")

[node name="CollisionShape3D6" type="CollisionShape3D" parent="." index="5"]
transform = Transform3D(-0.699925, 0.0497221, -0.712485, 2.98023e-07, 0.997575, 0.0696182, 0.714216, 0.0487257, -0.698228, 0.0977956, 0.0471902, 0.0910509)
shape = SubResource("BoxShape3D_mtf84")

[node name="CollisionShape3D7" type="CollisionShape3D" parent="." index="6"]
transform = Transform3D(-0.963261, 0.0186978, -0.267916, 3.35276e-07, 0.997575, 0.0696181, 0.268567, 0.0670588, -0.960925, 0.0384086, 0.00666982, 0.125026)
shape = SubResource("BoxShape3D_tbr4f")

[node name="CollisionShape3D8" type="CollisionShape3D" parent="." index="7"]
transform = Transform3D(-0.268567, -0.0670588, 0.960926, 3.8743e-07, 0.997575, 0.0696181, -0.963261, 0.0186978, -0.267916, -0.125026, 0.00666983, 0.0384086)
shape = SubResource("BoxShape3D_tbr4f")

[node name="CollisionShape3D9" type="CollisionShape3D" parent="." index="8"]
transform = Transform3D(0.249045, -0.0674235, 0.966144, 5.66244e-07, 0.997575, 0.0696181, -0.968492, -0.0173364, 0.248441, -0.12748, 0.00666983, -0.0292504)
shape = SubResource("BoxShape3D_tbr4f")

[node name="CollisionShape3D10" type="CollisionShape3D" parent="." index="9"]
transform = Transform3D(0.699925, -0.0497222, 0.712484, 3.42727e-07, 0.997575, 0.0696181, -0.714216, -0.0487255, 0.698228, -0.0977956, 0.0471902, -0.0910509)
shape = SubResource("BoxShape3D_mtf84")

[node name="CollisionShape3D11" type="CollisionShape3D" parent="." index="10"]
transform = Transform3D(0.963261, -0.0186978, 0.267916, 3.65078e-07, 0.997575, 0.069618, -0.268567, -0.0670586, 0.960926, -0.0384086, 0.00666984, -0.125026)
shape = SubResource("BoxShape3D_tbr4f")

[node name="CollisionShape3D12" type="CollisionShape3D" parent="." index="11"]
transform = Transform3D(-0.968492, -0.0173367, 0.248441, 3.65078e-07, 0.997575, 0.069618, -0.249045, 0.0674236, -0.966144, -0.0292504, 0.00666984, 0.12748)
shape = SubResource("BoxShape3D_tbr4f")

[node name="CollisionShape3D13" type="CollisionShape3D" parent="." index="12"]
transform = Transform3D(-0.714216, -0.0487257, 0.698228, 5.21541e-07, 0.997575, 0.0696182, -0.699926, 0.0497223, -0.712485, -0.0890717, 0.00666982, 0.095776)
shape = SubResource("BoxShape3D_tbr4f")

[node name="Mesh" type="MeshInstance3D" parent="." index="13"]
transform = Transform3D(0.6, 0, 0, 0, 0.6, 0, 0, 0, 0.6, 0, -0.163235, 0)
mesh = ExtResource("3_2827u")
surface_material_override/0 = SubResource("StandardMaterial3D_avjuq")

[node name="LiquidLevel" type="MeshInstance3D" parent="." index="14"]
transform = Transform3D(1, 0, 0, 0, 1, 0, 0, 0, 1, 0, -0.00389265, 0)
mesh = SubResource("CylinderMesh_kkbty")

[node name="Trickle" parent="." index="15" instance=ExtResource("6_akfbu")]
transform = Transform3D(1, 0, 0, 0, 1, 5.96046e-08, 0, -5.96046e-08, 1, 0, 0.181839, 3.72529e-09)
radius = 0.16
