[gd_scene load_steps=6 format=3 uid="uid://08cobamsesx0"]

[ext_resource type="ArrayMesh" uid="uid://n1k4d4tdyobt" path="res://models/wire.obj" id="1_o3jaf"]
[ext_resource type="Script" path="res://scenes/sauna/wire.gd" id="1_ulsxh"]
[ext_resource type="ArrayMesh" uid="uid://dvonr3mag031g" path="res://models/wire_cut.obj" id="2_2yfyo"]

[sub_resource type="SphereShape3D" id="SphereShape3D_5bc2m"]
radius = 0.035

[sub_resource type="StandardMaterial3D" id="StandardMaterial3D_8ojtb"]
resource_local_to_scene = true
albedo_color = Color(0.0745098, 0, 0.988235, 1)

[node name="Wire" type="Area3D"]
transform = Transform3D(0.863888, 0, -0.503684, 0, 1, 0, 0.503684, 0, 0.863888, -0.149518, -0.0731717, 0.0926455)
script = ExtResource("1_ulsxh")
color = Color(0.0745098, 0, 0.988235, 1)

[node name="CollisionShape" type="CollisionShape3D" parent="."]
transform = Transform3D(1, 0, 0, 0, 1, 0, 0, 0, 1, 0.00771737, 0, 0.0132363)
shape = SubResource("SphereShape3D_5bc2m")

[node name="Anchor" type="Node3D" parent="."]

[node name="Wire" type="MeshInstance3D" parent="."]
transform = Transform3D(-4.37114e-08, -2.16999e-18, -1, -0.997994, -0.0633131, 4.36237e-08, -0.0633131, 0.997994, 2.76751e-09, 0, -0.00631112, -0.0385888)
mesh = ExtResource("1_o3jaf")
surface_material_override/0 = SubResource("StandardMaterial3D_8ojtb")

[node name="WireCut" type="MeshInstance3D" parent="."]
transform = Transform3D(-4.37114e-08, -2.16999e-18, -1, -0.997994, -0.0633131, 4.36237e-08, -0.0633131, 0.997994, 2.76751e-09, 0, -0.00631112, -0.0385888)
visible = false
mesh = ExtResource("2_2yfyo")
surface_material_override/0 = SubResource("StandardMaterial3D_8ojtb")
